5.028607768694133995e+01
3.873849183557260289e+01
3.257899496705043418e+01
2.512293859692754339e+01
2.092828967973728993e+01
1.734870164639518819e+01
1.427508497615174399e+01
1.230325669773416131e+01
1.066034676980799567e+01
9.317067365216113117e+00
7.347976842963593214e+00
5.756600147913828458e+00
4.362434329756803564e+00
3.143675861882779365e+00
2.582807585383924742e+00
2.052827311831944890e+00
1.795848766604816626e+00
1.543637764351687869e+00
1.295978774670123679e+00
1.052683223058885398e+00
8.135803864977455557e-01
5.784411814721741596e-01
3.471843700288215206e-01
1.188579180582778755e-01
